A0_HERG=0.0171476417331
A1_HERG=0.0396932838114
A2_HERG=0.0205744860598
A3_HERG=0.00134366604423
A4_HERG=0.106663164913
A5_HERG=0.00646393910049
A6_HERG=8.039374403e-05
aaKv14=0.00695
aaKv43=0.028983
aiKv43=0.000373016
aL=12.8878
alphaa0Kv14=1.89306
alphaa0Kv43=0.543708
alphai0Kv14=0.0029628
alphai0Kv43=0.0498424
B0_HERG=0.0330460803884
B1_HERG=-0.0430605416398
b1Kv14=2.23
b1Kv43=6.77348
B2_HERG=0.0261741271512
b2Kv14=12.000299
b2Kv43=15.6212705152
B3_HERG=-0.026913854984
b3Kv14=5.3701338025
b3Kv43=28.7532603313
B4_HERG=0.00568908859717
b4Kv14=5.2396395511
b4Kv43=524.576206679
B5_HERG=-0.0453664295954
B6_HERG=6.9808924e-07
baKv14=0.08527
baKv43=0.0468437
betaa0Kv14=0.011796
betaa0Kv43=0.080185
betai0Kv14=0.0001056
betai0Kv43=0.000819482
biKv43=5.374e-08
bL=32.1948
C0Kv14=0.749980626396
C0Kv43=0.957567652704
C1Herg=0.999574286291
C1Kv14=0.088108760299
C1Kv43=0.02194716841
C2Herg=0.000355495242
C2Kv14=0.003881711321
C2Kv43=0.000188633504
C3Herg=6.2513877e-05
C3Kv14=7.6012995e-05
C3Kv43=7.20571e-07
Cai=0.000128015497
Cao=2.0
CaSR=0.891915411676
CI0Kv14=0.146019656332
CI0Kv43=0.015206520187
CI1Kv14=0.007653042561
CI1Kv43=0.004470341235
CI2Kv14=0.002905030557
CI2Kv43=0.000665651077
CI3Kv14=0.00107501602
CI3Kv43=5.2176869e-05
Cli=20.0
Clo=150.0
CMDNtot=0.05
Csa=0.0001534
CSQNtot=2.7
DTOUT=1.0
EGTAtot=0.0
eta=0.35
f1Kv14=0.20005
f1Kv43=1.8936
f2Kv14=0.32028
f2Kv43=14.224647456
f3Kv14=13.50909223
f3Kv43=158.574378389
f4Kv14=1151.7651385
f4Kv43=142.936645351
Faraday=96.5
fL=0.85
gammacf=1.39
GCab=0.0
GK1=2.73
GKp=0.003
GKr=0.029
GKs=0.035
gL=2.0
GNa=12.8
GNab=1e-05
hNa=0.997668179931
HTRPNCa=0.980722138327
HTRPNtot=0.14
IHerg=9.51191e-07
INaKmax=1.7325
IpCamax=0.03
jNa=0.998165969884
JRyRmax=19.6
k12=4387.5
k21=1250.0
k23=235800000.0
k25=2358000.0
k32=9.6
k34=1415000.0
k43=13.65
k45=0.07
k52=0.001235
k54=93.385
k56=18870000.0
k65=30.0
KdIto2=0.1502
Kfb=0.00026
khtrpn_minus=6.6e-05
khtrpn_plus=20.0
Ki=131.625456905
kltrpn_minus=0.04
kltrpn_plus=40.0
KmCa=1.38
KmCMDN=0.00238
KmCSQN=0.63
KmEGTA=0.00015
KmK1=13.0
KmKo=1.5
KmNa=87.5
KmNai=20.0
KmpCa=0.0005
kNaCa=0.27
Ko=4.0
Krb=1.8
ksat=0.2
KSR=1.0
Kv43Frac=0.77
KvScale=1.5876
LTRPNCa=0.114462781701
LTRPNtot=0.07
mNa=0.000380504749
Nai=10.4478822201
Nao=138.0
NCaRU=50000
Nfb=0.75
Nrb=0.75
Num_beats=10
OHerg=6.75331e-06
OIKv14=0.000657420277
OIKv43=1.229128e-06
OKv14=5.60386e-07
OKv43=1.032e-09
omega=0.0269659
PCa=9.13e-13
PCl=2.65e-15
Period=1000.0
Pulse_amplitude=-80.0
Pulse_duration=0.5
r_xfer=220.0
Rgas=8.314
Shift=5.0
STATE_1=0.682939648962
STATE_10=4.95121e-07
STATE_11=2.52252e-07
STATE_12=1e-12
STATE_13=0.0
STATE_14=2.125e-09
STATE_15=4e-12
STATE_16=1.2458e-08
STATE_17=0.0
STATE_18=0.0
STATE_19=9.1e-11
STATE_2=3.363556e-06
STATE_20=0.0
STATE_21=2.1351848e-05
STATE_22=6.03e-10
STATE_23=1.314943e-06
STATE_24=1.6333934e-05
STATE_25=3.3371e-08
STATE_26=3.64257e-07
STATE_27=2e-12
STATE_28=1e-12
STATE_29=2.84231e-07
STATE_3=5.4922e-08
STATE_30=5.81e-10
STATE_31=0.261492026499
STATE_32=1.288289e-06
STATE_33=6.07437e-07
STATE_34=0.001796055777
STATE_35=3.671797e-06
STATE_36=0.012775068729
STATE_37=6.3057e-08
STATE_38=2.6748e-08
STATE_39=8.6504155e-05
STATE_4=0.004610432538
STATE_40=1.77104e-07
STATE_5=9.423947e-06
STATE_6=0.035998715326
STATE_7=1.77342e-07
STATE_8=7.5367e-08
STATE_9=0.000242134125
t_clamp_end=0
t_clamp_start=0
T_Const_HERG=5.320000001
t_output_start=0.0
t_sim_end=0
Temp=310.0
V_clamp=0
V_hold=0
V=-93.3197727699
Vclamp_flag=0
vmaxf=0.00020961
vmaxr=0.00020961
Vmyo=2.584e-05
VSR=1.3913e-06
VSS=2.03e-13
xKs=0.00017555154
